0 0.9671875 0.19609375 0.0609375 0.32421875
0 0.90859375 0.18203125 0.03984375 0.28984375
0 0.8640625 0.17890625 0.03984375 0.29609375
0 0.80390625 0.18984375 0.05078125 0.3015625
0 0.75390625 0.18984375 0.05703125 0.3015625
0 0.6859375 0.19453125 0.05078125 0.30390625
0 0.6 0.1890625 0.053125 0.3265625
0 0.553125 0.18984375 0.0546875 0.31796875
0 0.50234375 0.1859375 0.04609375 0.30390625
0 0.45703125 0.17890625 0.03984375 0.28984375
0 0.39765625 0.1859375 0.04453125 0.29296875
0 0.346875 0.1875 0.0484375 0.28984375
0 0.2953125 0.17578125 0.03828125 0.284375
0 0.25078125 0.1734375 0.0421875 0.27890625
0 0.20703125 0.1828125 0.0421875 0.2875
0 0.1515625 0.18046875 0.03828125 0.27578125
0 0.13046875 0.471875 0.0421875 0.26796875
0 0.16953125 0.46875 0.02734375 0.27890625
0 0.2671875 0.49140625 0.04453125 0.284375
0 0.31640625 0.5 0.0421875 0.3015625
0 0.36171875 0.4828125 0.03203125 0.27890625
0 0.40625 0.4890625 0.02734375 0.27890625
0 0.45234375 0.51015625 0.053125 0.315625
0 0.575 0.52421875 0.03984375 0.315625
0 0.63359375 0.51015625 0.053125 0.28203125
0 0.678125 0.5421875 0.03984375 0.3578125
0 0.74921875 0.525 0.0421875 0.32421875
0 0.7984375 0.5453125 0.05703125 0.33515625
0 0.859375 0.53359375 0.04453125 0.31796875
0 0.91875 0.52265625 0.0484375 0.3125
0 0.96640625 0.53671875 0.0421875 0.33515625
0 0.09140625 0.78984375 0.0359375 0.26171875
0 0.140625 0.80703125 0.04453125 0.3015625
0 0.1921875 0.8109375 0.04609375 0.30390625
0 0.25234375 0.80859375 0.0484375 0.29296875
0 0.2953125 0.825 0.03359375 0.3265625
0 0.33984375 0.83203125 0.04609375 0.3125
0 0.38984375 0.8375 0.0453125 0.325
0 0.4484375 0.7984375 0.065625 0.228125
0 0.51796875 0.840625 0.053125 0.31796875
0 0.58359375 0.84609375 0.0484375 0.30703125
0 0.646875 0.84609375 0.0484375 0.30703125
0 0.71875 0.853125 0.071875 0.29375
0 0.7765625 0.86171875 0.04609375 0.27578125
0 0.83359375 0.85859375 0.0734375 0.2828125