1 0.89453125 0.2749266862170088 0.15234375 0.20087976539589442
1 0.62744140625 0.29178885630498536 0.1279296875 0.24633431085043989
1 0.78759765625 0.2969208211143695 0.1044921875 0.22140762463343108
1 0.55615234375 0.2998533724340176 0.0986328125 0.250733137829912
1 0.4453125 0.32038123167155425 0.087890625 0.18328445747800587
1 0.2978515625 0.3225806451612903 0.07421875 0.2287390029325513
1 0.1650390625 0.36363636363636365 0.15625 0.23460410557184752
1 0.72998046875 0.44281524926686217 0.2099609375 0.3284457478005865
1 0.12744140625 0.45527859237536655 0.1201171875 0.2155425219941349
1 0.25830078125 0.46114369501466274 0.0966796875 0.29178885630498536
1 0.48388671875 0.46847507331378296 0.1630859375 0.24193548387096775
1 0.63037109375 0.4736070381231672 0.1826171875 0.2287390029325513
1 0.42333984375 0.6906158357771262 0.2080078125 0.1935483870967742