1 0.5615384615384615 0.3640625 0.05384615384615385 0.04375
1 0.6801282051282052 0.453125 0.03461538461538462 0.071875
1 0.6134615384615385 0.490625 0.06025641025641026 0.090625
1 0.5846153846153846 0.5015625 0.05897435897435897 0.09375
1 0.4403846153846154 0.52890625 0.029487179487179487 0.0859375
1 0.5096153846153846 0.53671875 0.04487179487179487 0.0953125
1 0.3814102564102564 0.540625 0.03205128205128205 0.078125
1 0.18782051282051282 0.5421875 0.07564102564102564 0.084375
1 0.05576923076923077 0.5484375 0.05 0.096875
1 0.1423076923076923 0.5578125 0.06923076923076923 0.06875
1 0.3121794871794872 0.56484375 0.03974358974358974 0.0984375
1 0.4205128205128205 0.56640625 0.05128205128205128 0.0859375
1 0.5948717948717949 0.5796875 0.07948717948717948 0.084375
0 0.2551282051282051 0.64375 0.09743589743589744 0.115625