1 0.6698841698841699 0.5360824742268041 0.2548262548262548 0.14948453608247422
1 0.3185328185328185 0.5618556701030928 0.40540540540540543 0.4175257731958763
1 0.6467181467181468 0.7036082474226805 0.3127413127413127 0.5051546391752577
1 0.38223938223938225 0.0979381443298969 0.06177606177606178 0.10309278350515463
1 0.33976833976833976 0.10051546391752578 0.04633204633204633 0.14948453608247422
1 0.3030888030888031 0.11855670103092783 0.03861003861003861 0.1134020618556701
1 0.2528957528957529 0.12628865979381443 0.06177606177606178 0.23711340206185566
1 0.555984555984556 0.12628865979381443 0.138996138996139 0.19072164948453607
1 0.45366795366795365 0.13402061855670103 0.04633204633204633 0.19072164948453607
1 0.35135135135135137 0.22938144329896906 0.16602316602316602 0.22164948453608246
1 0.555984555984556 0.3556701030927835 0.19305019305019305 0.30927835051546393