1 0.5927272727272728 0.7978142076502732 0.43636363636363634 0.40437158469945356
1 0.07090909090909091 0.25136612021857924 0.07636363636363637 0.18032786885245902
1 0.14 0.412568306010929 0.18545454545454546 0.2896174863387978
1 0.2581818181818182 0.3633879781420765 0.09818181818181818 0.28415300546448086
1 0.3418181818181818 0.43989071038251365 0.11636363636363636 0.3005464480874317
1 0.4218181818181818 0.2978142076502732 0.08727272727272728 0.12568306010928962
1 0.49454545454545457 0.45901639344262296 0.15272727272727274 0.3005464480874317
1 0.6418181818181818 0.4562841530054645 0.12727272727272726 0.28415300546448086
1 0.5490909090909091 0.28415300546448086 0.19272727272727272 0.16939890710382513
1 0.7218181818181818 0.36885245901639346 0.11636363636363636 0.2677595628415301
1 0.8454545454545455 0.5491803278688525 0.19272727272727272 0.4098360655737705