1 0.9491329479768786 0.7051546391752578 0.10173410404624278 0.30103092783505153
1 0.923121387283237 0.5257731958762887 0.14335260115606938 0.1360824742268041
1 0.8213872832369942 0.622680412371134 0.1375722543352601 0.27422680412371137
1 0.838728323699422 0.49381443298969074 0.055491329479768786 0.10721649484536082
1 0.7710982658959538 0.5061855670103093 0.09710982658959537 0.10721649484536082
1 0.7138728323699421 0.49381443298969074 0.03236994219653179 0.07422680412371134
1 0.7786127167630058 0.43917525773195876 0.07283236994219654 0.07010309278350516
1 0.5901734104046242 0.7711340206185567 0.1722543352601156 0.30515463917525776
1 0.3647398843930636 0.7762886597938145 0.13988439306358383 0.2865979381443299
1 0.42196531791907516 0.7680412371134021 0.07976878612716763 0.1422680412371134
1 0.5248554913294797 0.6721649484536083 0.15491329479768787 0.2597938144329897
1 0.5468208092485549 0.5711340206185567 0.17572254335260115 0.12164948453608247
1 0.4052023121387283 0.5948453608247423 0.09132947976878612 0.20412371134020618
1 0.38034682080924853 0.6030927835051546 0.1260115606936416 0.12783505154639174
1 0.23410404624277456 0.7 0.1861271676300578 0.24123711340206186
1 0.22023121387283237 0.5525773195876289 0.1861271676300578 0.16907216494845362
1 0.18439306358381502 0.465979381443299 0.2046242774566474 0.2515463917525773
1 0.0815028901734104 0.6525773195876289 0.12023121387283237 0.2536082474226804
1 0.025433526011560695 0.6092783505154639 0.05086705202312139 0.30103092783505153
1 0.055491329479768786 0.47525773195876286 0.035838150289017344 0.1134020618556701
1 0.21734104046242775 0.4288659793814433 0.06242774566473988 0.12164948453608247
1 0.29595375722543354 0.4061855670103093 0.04046242774566474 0.13195876288659794
1 0.3491329479768786 0.43195876288659796 0.04393063583815029 0.13195876288659794
1 0.7028901734104046 0.3030927835051546 0.058959537572254334 0.08453608247422681
1 0.06473988439306358 0.354639175257732 0.05086705202312139 0.10103092783505155
1 0.4751445086705202 0.40103092783505156 0.027745664739884393 0.05567010309278351