1 0.5297029702970297 0.6536144578313253 0.19801980198019803 0.42168674698795183
1 0.22442244224422442 0.7650602409638554 0.40594059405940597 0.46987951807228917
1 0.40924092409240925 0.18373493975903615 0.033003300330033 0.12650602409638553
1 0.31683168316831684 0.21987951807228914 0.1485148514851485 0.1566265060240964
1 0.6996699669966997 0.25 0.052805280528052806 0.25301204819277107
1 0.4768976897689769 0.27710843373493976 0.052805280528052806 0.19879518072289157
1 0.6237623762376238 0.28313253012048195 0.07920792079207921 0.19879518072289157
1 0.834983498349835 0.33433734939759036 0.1848184818481848 0.3614457831325301
1 0.09075907590759076 0.4427710843373494 0.1419141914191419 0.13855421686746988
1 0.5643564356435643 0.536144578313253 0.2376237623762376 0.26506024096385544
1 0.2590759075907591 0.5451807228915663 0.11221122112211221 0.1927710843373494