1 0.2826086956521739 0.6538461538461539 0.14046822742474915 0.3668639053254438
1 0.5668896321070234 0.6923076923076923 0.07692307692307693 0.26627218934911245
1 0.5083612040133779 0.6331360946745562 0.056856187290969896 0.23076923076923078
1 0.6304347826086957 0.5857988165680473 0.08695652173913043 0.31952662721893493
1 0.6705685618729097 0.5887573964497042 0.10367892976588629 0.3076923076923077
1 0.6638795986622074 0.47633136094674555 0.0903010033444816 0.15384615384615385
1 0.6287625418060201 0.4378698224852071 0.12709030100334448 0.1242603550295858
1 0.8779264214046822 0.6804733727810651 0.22073578595317725 0.3076923076923077
1 0.7692307692307693 0.6094674556213018 0.07357859531772576 0.31952662721893493
1 0.8327759197324415 0.4881656804733728 0.16387959866220736 0.1893491124260355
1 0.7709030100334449 0.4171597633136095 0.14046822742474915 0.11834319526627218