0 0.8160967472894078 0.7418397626112759 0.16763969974979148 0.516320474777448
0 0.4933277731442869 0.5571216617210683 0.1542952460383653 0.3456973293768546
1 0.4603836530442035 0.37166172106824924 0.08673894912427023 0.15578635014836795
1 0.3748957464553795 0.46735905044510384 0.060884070058381985 0.22551928783382788
1 0.3056713928273561 0.43249258160237386 0.060884070058381985 0.22997032640949555
0 0.28940783986655544 0.2900593471810089 0.040033361134278564 0.11127596439169139
0 0.2510425354462052 0.29451038575667654 0.041701417848206836 0.1172106824925816
1 0.18932443703085905 0.29673590504451036 0.03836530442035029 0.14836795252225518
1 0.16013344453711426 0.2959940652818991 0.0316930775646372 0.11127596439169139
1 0.09049207673060884 0.23367952522255192 0.030859049207673062 0.07566765578635015
1 0.097581317764804 0.19881305637982197 0.013344453711426188 0.04747774480712166
1 0.15221017514595497 0.20400593471810088 0.0158465387823186 0.05192878338278932
1 0.030859049207673062 0.16765578635014836 0.011676396997497914 0.03857566765578635
1 0.05170975813177648 0.15578635014836795 0.013344453711426188 0.032640949554896145
1 0.06964136780650543 0.1661721068249258 0.014178482068390326 0.02967359050445104
1 0.09883236030025021 0.1632047477744807 0.0158465387823186 0.03857566765578635
1 0.08465387823185988 0.15578635014836795 0.010842368640533779 0.02373887240356083