1 0.9905882352941177 0.5545073375262054 0.018823529411764704 0.1740041928721174
1 0.8852941176470588 0.6876310272536688 0.22941176470588234 0.32075471698113206
1 0.8288235294117647 0.48218029350104824 0.13058823529411764 0.2180293501048218
1 0.7694117647058824 0.5157232704402516 0.15058823529411763 0.23270440251572327
1 0.6623529411764706 0.5691823899371069 0.15411764705882353 0.29559748427672955
1 0.6623529411764706 0.4129979035639413 0.052941176470588235 0.10272536687631027
1 0.5947058823529412 0.5041928721174004 0.09411764705882353 0.19916142557651992
1 0.5258823529411765 0.5566037735849056 0.08 0.35429769392033544
1 0.4411764705882353 0.5136268343815513 0.13058823529411764 0.22851153039832284
1 0.39176470588235296 0.4580712788259958 0.16941176470588235 0.12578616352201258
1 0.37176470588235294 0.6278825995807128 0.26823529411764707 0.35639412997903563
1 0.26705882352941174 0.6477987421383647 0.12352941176470589 0.23270440251572327
1 0.17705882352941177 0.550314465408805 0.11058823529411765 0.31236897274633124
1 0.014705882352941176 0.3972746331236897 0.029411764705882353 0.2180293501048218