1 0.4864864864864865 0.7783505154639175 0.11196911196911197 0.29381443298969073
1 0.14285714285714285 0.3943298969072165 0.05019305019305019 0.11855670103092783
1 0.17374517374517376 0.35051546391752575 0.0694980694980695 0.12371134020618557
1 0.7432432432432432 0.41494845360824745 0.05405405405405406 0.11855670103092783
1 0.6023166023166023 0.39690721649484534 0.05791505791505792 0.1134020618556701
1 0.2702702702702703 0.30412371134020616 0.09266409266409266 0.11855670103092783
1 0.33976833976833976 0.38402061855670105 0.05019305019305019 0.11855670103092783
1 0.3861003861003861 0.3427835051546392 0.05405405405405406 0.10309278350515463
1 0.4575289575289575 0.4845360824742268 0.11196911196911197 0.09278350515463918
1 0.5096525096525096 0.422680412371134 0.11196911196911197 0.09278350515463918
1 0.527027027027027 0.38917525773195877 0.07335907335907337 0.1134020618556701
1 0.4691119691119691 0.3247422680412371 0.06177606177606178 0.04639175257731959
1 0.4034749034749035 0.3711340206185567 0.05791505791505792 0.061855670103092786
1 0.4594594594594595 0.3865979381443299 0.08108108108108109 0.07731958762886598