1 0.03933333333333333 0.4938398357289528 0.07866666666666666 0.08624229979466119
1 0.3433333333333333 0.5123203285420944 0.06533333333333333 0.08829568788501027
1 0.31866666666666665 0.606776180698152 0.09866666666666667 0.11704312114989733
1 0.44066666666666665 0.6160164271047228 0.08933333333333333 0.10061601642710473
1 0.38133333333333336 0.4928131416837782 0.04133333333333333 0.11088295687885011
1 0.426 0.5082135523613963 0.068 0.09240246406570841
1 0.49 0.5349075975359343 0.04533333333333334 0.12114989733059549
1 0.5953333333333334 0.4928131416837782 0.05733333333333333 0.06981519507186858
1 0.6126666666666667 0.5503080082135524 0.08533333333333333 0.09650924024640657
1 0.594 0.5913757700205339 0.06133333333333333 0.11498973305954825
1 0.712 0.5882956878850103 0.072 0.08008213552361396
1 0.7333333333333333 0.5492813141683778 0.108 0.10472279260780287
1 0.8126666666666666 0.5882956878850103 0.11466666666666667 0.10061601642710473
1 0.7806666666666666 0.660164271047228 0.10133333333333333 0.1026694045174538
1 0.838 0.7299794661190965 0.10533333333333333 0.15605749486652978
1 0.954 0.5862422997946611 0.092 0.08418891170431211
1 0.724 0.8973305954825462 0.12533333333333332 0.2053388090349076
1 0.424 0.8470225872689938 0.12666666666666668 0.188911704312115
1 0.43133333333333335 0.4075975359342916 0.03866666666666667 0.053388090349075976
1 0.204 0.48973305954825463 0.076 0.12114989733059549