1 0.5725308641975309 0.45113168724279834 0.033950617283950615 0.033950617283950615
1 0.31712962962962965 0.4588477366255144 0.04938271604938271 0.05555555555555555
1 0.5459104938271605 0.4655349794238683 0.02854938271604938 0.04835390946502058
1 0.6319444444444444 0.4711934156378601 0.033950617283950615 0.04526748971193416
1 0.6909722222222222 0.48199588477366256 0.03780864197530864 0.060699588477366256
1 0.5725308641975309 0.485082304526749 0.033950617283950615 0.040123456790123455
1 0.6006944444444444 0.5082304526748971 0.036265432098765434 0.053497942386831275
1 0.5138888888888888 0.5241769547325102 0.026234567901234566 0.056584362139917695
1 0.7434413580246914 0.5262345679012346 0.04243827160493827 0.056584362139917695
1 0.49344135802469136 0.5483539094650206 0.03780864197530864 0.051440329218107
1 0.5007716049382716 0.6383744855967078 0.032407407407407406 0.06275720164609054
1 0.29475308641975306 0.6965020576131687 0.05092592592592592 0.0823045267489712